-5.000000 -2.161094
-4.949749 -0.805732
-4.899497 -0.132097
-4.849246 0.143065
-4.798995 0.204572
-4.748744 0.167753
-4.698492 0.100131
-4.648241 0.037393
-4.597990 -0.005047
-4.547739 -0.023894
-4.497487 -0.022366
-4.447236 -0.006517
-4.396985 0.017069
-4.346734 0.042579
-4.296482 0.065598
-4.246231 0.083288
-4.195980 0.094285
-4.145729 0.098450
-4.095477 0.096551
-4.045226 0.089942
-3.994975 0.080267
-3.944724 0.069216
-3.894472 0.058342
-3.844221 0.048930
-3.793970 0.041930
-3.743719 0.037925
-3.693467 0.037147
-3.643216 0.039512
-3.592965 0.044680
-3.542714 0.052120
-3.492462 0.061184
-3.442211 0.071167
-3.391960 0.081377
-3.341709 0.091176
-3.291457 0.100027
-3.241206 0.107518
-3.190955 0.113375
-3.140704 0.117470
-3.090452 0.119813
-3.040201 0.120539
-2.989950 0.119886
-2.939698 0.118177
-2.889447 0.115787
-2.839196 0.113121
-2.788945 0.110587
-2.738693 0.108570
-2.688442 0.107418
-2.638191 0.107419
-2.587940 0.108793
-2.537688 0.111686
-2.487437 0.116164
-2.437186 0.122215
-2.386935 0.129760
-2.336683 0.138654
-2.286432 0.148703
-2.236181 0.159676
-2.185930 0.171316
-2.135678 0.183363
-2.085427 0.195559
-2.035176 0.207669
-1.984925 0.219489
-1.934673 0.230859
-1.884422 0.241669
-1.834171 0.251867
-1.783920 0.261459
-1.733668 0.270510
-1.683417 0.279143
-1.633166 0.287532
-1.582915 0.295899
-1.532663 0.304500
-1.482412 0.313617
-1.432161 0.323547
-1.381910 0.334591
-1.331658 0.347038
-1.281407 0.361158
-1.231156 0.377185
-1.180905 0.395312
-1.130653 0.415680
-1.080402 0.438367
-1.030151 0.463390
-0.979899 0.490694
-0.929648 0.520156
-0.879397 0.551582
-0.829146 0.584712
-0.778894 0.619225
-0.728643 0.654742
-0.678392 0.690840
-0.628141 0.727056
-0.577889 0.762902
-0.527638 0.797871
-0.477387 0.831455
-0.427136 0.863155
-0.376884 0.892489
-0.326633 0.919008
-0.276382 0.942303
-0.226131 0.962018
-0.175879 0.977854
-0.125628 0.989578
-0.075377 0.997025
-0.025126 1.000105
0.025126 0.998803
0.075377 0.993173
0.125628 0.983346
0.175879 0.969514
0.226131 0.951936
0.276382 0.930922
0.326633 0.906828
0.376884 0.880050
0.427136 0.851010
0.477387 0.820147
0.527638 0.787908
0.577889 0.754739
0.628141 0.721071
0.678392 0.687315
0.728643 0.653854
0.778894 0.621033
0.829146 0.589157
0.879397 0.558483
0.929648 0.529220
0.979899 0.501525
1.030151 0.475506
1.080402 0.451220
1.130653 0.428679
1.180905 0.407851
1.231156 0.388666
1.281407 0.371024
1.331658 0.354797
1.381910 0.339840
1.432161 0.325996
1.482412 0.313102
1.532663 0.300997
1.582915 0.289530
1.633166 0.278561
1.683417 0.267968
1.733668 0.257653
1.783920 0.247537
1.834171 0.237571
1.884422 0.227729
1.934673 0.218007
1.984925 0.208428
2.035176 0.199028
2.085427 0.189862
2.135678 0.180994
2.185930 0.172495
2.236181 0.164433
2.286432 0.156876
2.336683 0.149880
2.386935 0.143487
2.437186 0.137725
2.487437 0.132600
2.537688 0.128099
2.587940 0.124188
2.638191 0.120812
2.688442 0.117899
2.738693 0.115362
2.788945 0.113103
2.839196 0.111020
2.889447 0.109008
2.939698 0.106972
2.989950 0.104824
3.040201 0.102496
3.090452 0.099938
3.140704 0.097127
3.190955 0.094063
3.241206 0.090776
3.291457 0.087317
3.341709 0.083763
3.391960 0.080204
3.442211 0.076742
3.492462 0.073482
3.542714 0.070521
3.592965 0.067942
3.643216 0.065804
3.693467 0.064137
3.743719 0.062933
3.793970 0.062147
3.844221 0.061696
3.894472 0.061465
3.944724 0.061314
3.994975 0.061089
4.045226 0.060643
4.095477 0.059847
4.145729 0.058615
4.195980 0.056915
4.246231 0.054788
4.296482 0.052350
4.346734 0.049786
4.396985 0.047340
4.447236 0.045276
4.497487 0.043836
4.547739 0.043175
4.597990 0.043301
4.648241 0.044016
4.698492 0.044884
4.748744 0.045268
4.798995 0.044479
4.849246 0.042100
4.899497 0.038604
4.949749 0.036371
5.000000 0.041304